z500_mean: 54108.305
t850_mean: 274.52628
z500_std: 3352.717
t850_std: 15.593676